857.9500016
841.8201134
808.9382633
824.1349967
779.7000713
795.0745646
776.5007567
763.3924431
746.284984
735.0429461
719.890621
729.1330886
723.7120369
710.4704179
726.1115156
702.6498689
739.0420887
747.5291684
704.604996
745.3962882
783.2548666
809.1604381
798.1405618
824.0461349
899.8521667
903.8068713
944.8647716
1000.586195
972.8587855
989.9218053
994.6319124
970.9480818
1007.962396
1067.860699
1008.451201
1040.7554
1035.112145
969.6594715
1010.184141
952.1076745
920.2922498
882.0337534
779.700071
792.3195955
791.6530657
786.6319206
740.0196568
793.16385
764.0145217
759.8376274
821.7799542
926.6908773
1125.670578
1116.561399
918.3371035
934.333685
1077.414228
1215.429185
1227.382188
1220.85024
1106.208083
936.4665572
916.2486657
1070.304639
1253.021154
1313.941472
1292.923744
1285.991888
1286.613994
1333.848331
1365.974798
1431.516319
1409.698725
1409.698725
1402.544746
1417.830377
1498.879721
1553.534725
1620.276026
1610.455885
1579.529175
1531.761586
1529.762011
1524.78528
1416.852821
1390.058515
1367.796629
1323.050628
1266.840419
1259.108733
1164.684457
1113.00663
1077.058748
1037.955995
994.8096495
952.3298481
