85795.00016
84182.01134
80893.82633
82413.49967
77970.00713
79507.45646
77650.07567
76339.24431
74628.4984
73504.29461
71989.0621
72913.30886
72371.20369
71047.04179
72611.15156
70264.98689
73904.20887
74752.91684
70460.4996
74539.62882
78325.48666
80916.04381
79814.05618
82404.61349
89985.21667
90380.68713
94486.47716
100058.6195
97285.87855
98992.18053
99463.19124
97094.80818
100796.2396
106786.0699
100845.1201
104075.54
103511.2145
96965.94715
101018.4141
95210.76745
92029.22498
88203.37534
77970.0071
79231.95955
79165.30657
78663.19206
74001.96568
79316.385
76401.45217
75983.76274
82177.99542
92669.08773
112567.0578
111656.1399
91833.71035
93433.3685
107741.4228
121542.9185
122738.2188
122085.024
110620.8083
93646.65572
91624.86657
107030.4639
125302.1154
131394.1472
129292.3744
128599.1888
128661.3994
133384.8331
136597.4798
143151.6319
140969.8725
140969.8725
140254.4746
141783.0377
149887.9721
155353.4725
162027.6026
161045.5885
157952.9175
153176.1586
152976.2011
152478.528
141685.2821
139005.8515
136779.6629
132305.0628
126684.0419
125910.8733
116468.4457
111300.663
107705.8748
103795.5995
99480.96495
95232.98481