1037.949951
1037.820068
1036.938232
1036.135010
1035.700073
1039.074585
1036.500732
1039.392456
1038.284912
1039.042969
1035.890625
1037.133057
1035.712036
1038.470459
1038.111572
1038.649902
1039.042114
1039.529175
1036.604980
1037.396240
1039.254883
1037.160400
1038.140625
1036.046143
1035.852173
1035.806885
1036.864746
1036.586182
1036.858765
1037.921875
1038.631836
1038.947998
1035.962402
1043.860718
1036.451172
1040.755371
1039.112183
1037.659424
1038.184082
1036.107666
1036.292236
1038.033691
1035.700073
1036.319580
1039.653076
1038.631836
1036.019653
1037.163818
1036.014526
1035.837646
1037.780029
1038.690918
1041.670532
1044.561401
1038.337158
1038.333740
1041.414185
1043.429199
1043.382202
1044.850220
1042.208130
1036.466553
1036.248657
1042.304688
1041.021118
1041.941528
1044.923706
1041.991943
1042.614014
1041.848389
1041.974854
1043.516357
1041.698730
1041.698730
1042.544800
1041.830322
1042.879761
1041.534668
1044.276001
1042.455933
1043.529175
1043.761597
1041.761963
1044.785278
1044.852783
1042.058472
1043.796631
1043.050659
1042.840454
1043.108765
1044.684448
1041.006592
1041.058716
1037.956055
1038.809570
1036.329834
